1.0000000e+000  2.6275361e+000  3.5143820e+000  2.3540854e+000  4.2478568e+000  2.8937406e+000  1.9957529e+000  1.8695390e+000  2.0231692e+000  3.1043685e+000  2.8705387e+000
  2.0000000e+000  3.2850694e+000  4.1874959e+000  4.7055527e+000  2.3406620e+000  9.7773533e-001  1.0231521e+000  4.7393731e+000  2.6733116e+000  2.2189324e+000  4.0752959e+000
  2.0000000e+000  3.7160132e+000  4.1408207e+000  4.3795377e+000  3.1317943e+000  3.0740530e+000  2.4444174e+000  3.6772901e+000  2.7924983e+000  2.6377309e+000  2.8664365e+000
  2.0000000e+000  3.8311149e+000  3.1316037e+000  2.6780154e+000  3.1023210e+000  2.5087357e+000  2.3143230e+000  3.4547864e+000  1.2493035e+000  2.6534227e+000  4.1470870e+000
  1.0000000e+000  3.7486311e+000  2.5668600e+000  2.4796510e+000  4.2100494e+000  4.5202104e+000  2.8013368e+000  2.1040413e+000  2.6945628e+000  3.4390441e+000  2.4424725e+000
  2.0000000e+000  9.9682616e-001  2.6388721e+000  4.3681345e+000  2.2241867e+000  3.5217324e+000  2.2578000e+000  3.4462386e+000  3.1108640e+000  4.3256174e+000  2.3622705e+000
  1.0000000e+000  2.5067067e+000  3.8686140e+000  2.1890664e+000  3.5045017e+000  3.5137933e+000  2.7990115e+000  4.0828341e+000  1.9063969e+000  3.1237383e+000  3.3308594e+000
  2.0000000e+000  3.6768153e+000  3.2043259e+000  2.6575733e+000  2.1738458e+000  5.3721216e+000  2.1661921e+000  2.2646261e+000  4.1240986e+000  4.0383010e+000  3.6037479e+000
  2.0000000e+000  3.8793255e+000  4.3501356e+000  3.6128393e+000  3.4350815e+000  3.2180102e+000  3.1728450e+000  4.3514308e+000  4.2099766e+000  5.0484296e+000  2.0318529e+000
  2.0000000e+000  2.3693810e+000  2.0794766e+000  2.4464443e+000  3.5283779e+000  3.3118399e+000  4.1568463e+000  2.6064180e+000  2.4344826e+000  4.4348879e+000  4.3737721e+000
  2.0000000e+000  2.2459900e+000  3.8323225e+000  3.5639781e+000  2.6458851e+000  4.3862476e+000  4.8298996e+000  3.1644934e+000  2.3130061e+000 -3.9340064e-001  2.6428178e+000
  2.0000000e+000  2.4919179e+000  5.3127292e+000  1.5733902e+000  2.9034267e+000  3.7050558e+000  2.1742935e+000  1.9368211e+000  2.4754507e+000  2.9471377e+000  1.9370102e+000
  2.0000000e+000  4.2719401e+000  1.1430927e+000  1.9985510e+000  2.8031634e+000  2.5473577e+000  2.6562675e+000  3.3080106e+000  3.5381604e+000  1.4575217e+000  4.2107307e+000
  2.0000000e+000  2.5040289e+000  2.4564787e+000  2.3856221e+000  2.4472050e+000  1.7080276e+000  2.1584442e+000  3.7426468e+000  2.4205475e+000  1.7998588e+000  3.3371366e+000
  2.0000000e+000  2.2386311e+000  2.4457533e+000  2.5821002e+000  2.9228139e+000  3.5736220e+000  2.6868860e+000  2.7646720e+000  3.3737668e+000  2.9304999e+000  1.8507685e+000
  2.0000000e+000  2.3728242e+000  2.4194026e+000  3.1656727e+000  2.1852654e+000  1.7274633e+000  3.0535379e+000  1.7811189e+000  2.5279852e+000  4.0760197e+000  2.7095589e+000
  2.0000000e+000  3.2310975e+000  3.0081423e+000  4.2137596e+000  2.2116844e+000  2.7630221e+000  2.1963722e+000  2.4446157e+000  2.4034413e+000  1.1263477e+000  3.6486561e+000
  2.0000000e+000  5.1256546e+000  2.0861720e+000  3.7213281e+000  3.0006052e+000  3.0805856e+000  2.8257893e+000  3.5067064e+000  1.7829932e+000  3.0788575e+000  4.2524033e+000
  1.0000000e+000  3.3272188e+000  2.5710419e+000  5.0668640e+000  1.5491611e+000  2.6048598e+000  2.7975555e+000  3.5214534e+000  4.5682870e+000  3.2210540e+000  1.8963801e+000
  1.0000000e+000  1.5847565e+000  3.3237626e+000  2.8080033e+000  1.6951341e+000  2.5271684e+000  2.8682709e+000  5.6465662e+000  2.6432707e+000  3.2995477e+000  4.1903755e+000
  2.0000000e+000  2.0886072e+000  2.2132160e+000  1.7013088e+000  1.2936225e+000  2.9823225e+000  2.5777886e+000  2.3935667e+000  3.4364549e+000  3.9438523e+000  2.3256787e+000
  2.0000000e+000  3.0253667e+000  4.5719516e+000  2.9700105e+000  4.5466071e+000  4.8898913e+000  2.9465402e+000  2.9350455e+000  1.0262745e+000  3.5304099e+000  3.8632190e+000
  2.0000000e+000  4.9641576e+000  3.4069931e+000  4.5411373e+000  5.3871119e+000  2.1130215e+000  1.2347906e+000  4.0105987e+000  3.8543013e+000  2.1436103e+000  3.5223830e+000
  2.0000000e+000  3.6868505e+000  1.3623577e+000  4.0392185e+000  2.4357690e+000  2.1375883e+000  5.2750657e+000  2.0254901e+000  1.7771733e+000  2.8327067e+000  2.7429743e+000
  1.0000000e+000  1.7973613e+000  2.1515494e+000  2.5227510e+000  2.5468905e+000  3.6353783e+000  3.6685361e+000  2.2900213e+000  3.1124018e+000  3.0426816e+000  5.2306371e+000
  2.0000000e+000  2.9239313e+000  3.5311279e+000  8.6798046e-001  3.2379373e+000  3.2440385e+000  3.3832490e+000  3.3668767e+000  5.7379936e+000  4.3255509e+000  3.8296346e+000
  2.0000000e+000  1.6592843e+000  3.9729736e+000  4.3685458e+000  2.8006879e+000  2.8888906e+000  1.7108934e+000  4.4800634e+000  6.1556702e+000  1.8588883e+000  2.9160074e+000
  2.0000000e+000  4.9125621e+000  1.5359915e+000  2.9931296e+000  1.8155941e+000  4.9334836e+000  1.5590800e+000  2.8577739e+000  2.4626149e+000  2.9319365e+000  4.0203387e+000
  2.0000000e+000  2.1456673e+000  2.5319538e+000  1.8857062e+000  3.4173309e+000  1.4023128e+000  3.8717902e+000  1.3393184e+000  4.0227750e+000  4.1459976e+000  3.6204728e+000
  2.0000000e+000  2.7822252e+000  2.4996381e+000  2.2707790e+000  2.0203500e+000  3.1070084e+000  3.4821895e+000  2.3917956e+000  2.6973781e+000  1.3395439e+000  1.5350965e+000
  2.0000000e+000  3.5787349e+000  4.5637550e+000  8.0820937e-001  4.6725480e+000  4.0638671e+000  3.2216856e+000  2.3707729e+000  3.0696139e+000  2.7344210e+000  3.6953381e+000
  1.0000000e+000  2.5923294e+000  2.3976588e+000  3.0590259e+000  1.3519228e+000  2.0832275e+000  3.2411881e+000  2.9898293e+000  1.8525608e+000  3.5171674e+000  2.9057087e+000
  2.0000000e+000  2.4346574e+000  2.3130753e+000  7.3870529e-001  3.6583842e+000  2.9509031e+000  2.6894758e+000  1.9866905e+000  2.9935808e+000  2.5097078e+000  3.8225847e+000
  2.0000000e+000  2.4082322e+000  1.8205065e+000  1.9396526e+000  2.0967268e+000  3.4012304e+000  4.2686203e+000  4.5579505e+000  5.3833695e+000  3.7450555e+000  1.6746564e+000
  2.0000000e+000  2.6885210e+000  4.0767158e+000  2.6547176e+000  2.1447857e+000  3.2888946e+000  3.0643731e+000  2.8284895e+000  5.3179768e+000  2.5665073e+000  2.5221416e+000
  2.0000000e+000  2.5954643e+000  3.6835112e+000  3.0277465e+000  5.1860513e+000  2.9715547e+000  2.5434982e+000  3.1392401e+000  4.8388734e+000  1.8916649e+000  3.9474544e+000
  1.0000000e+000  3.9667416e+000  2.8951871e+000  3.5695641e+000  3.1690282e+000  2.5190054e+000  2.7199549e+000  2.0107990e+000  2.7432370e+000  3.0492795e+000  3.5188855e+000
  2.0000000e+000  3.6955407e+000  2.9070121e+000  2.9831442e+000  8.5136295e-001  2.7262837e+000  2.9214251e+000  2.3762450e+000  3.4413593e+000  4.3905232e+000  3.2198630e+000
  2.0000000e+000  3.4137299e+000  3.7696867e+000  1.4885932e+000  2.5671624e+000  3.0036412e+000  2.8046823e+000  2.9663065e+000  3.5118905e+000  1.6824610e+000  1.8590727e+000
  2.0000000e+000  1.9241787e+000  2.3558486e+000  3.1559094e+000  3.9301656e+000  3.4057569e+000  3.4192959e+000  3.6431178e+000  3.6797638e+000  2.9191897e+000  2.6207373e+000
  1.0000000e+000  2.9186576e+000  2.4114305e+000  2.4166821e+000  1.7461856e+000  3.0197554e+000  2.1681894e+000  2.8019444e+000  2.4312792e+000  3.3904705e+000  2.8665372e+000
  1.0000000e+000  3.4368563e+000  2.7384501e+000  2.5111311e+000  3.5930442e+000  4.3596541e+000  1.8683565e+000  1.7589473e+000  3.1098596e+000  3.1498912e+000  2.8278641e+000
  2.0000000e+000  2.6582608e+000  4.3007408e+000  2.3153705e+000  3.0521091e+000  2.6358445e+000  3.2902404e+000  4.2754557e+000  3.2360419e+000  2.2806414e+000  3.1971682e+000
  2.0000000e+000  3.2993510e+000  3.1261853e+000  3.4197691e+000  2.2777311e+000  5.0531676e+000  2.0706506e+000  3.8562951e+000  2.5023815e+000  2.8368949e+000  2.5743074e+000
  2.0000000e+000  3.4082048e+000  1.8412184e+000  3.7073144e+000  3.1830785e+000  2.6583422e+000  3.8992341e+000  2.0345850e+000  3.2383039e+000  2.9334001e+000  2.6846391e+000
  2.0000000e+000  7.3586375e-002  4.0582461e+000  4.0030011e+000  2.1073867e+000  3.7355972e+000  1.9151843e+000  3.8291146e+000  2.8209735e+000  4.0428698e+000  3.3504905e+000
  2.0000000e+000  3.9553309e+000  1.5734947e+000  5.4264771e+000  2.6828204e+000  4.1559742e+000  3.8891928e-001  2.9116755e+000  3.9296434e+000  2.0041840e+000  1.3844974e+000
  2.0000000e+000  2.3838681e+000  1.8617616e+000  1.9271328e+000  2.0162470e+000  4.8215880e+000  2.0871222e+000  3.7204891e+000  2.8194150e+000  3.4584901e+000  2.5021216e+000
  2.0000000e+000  2.2103856e+000  2.9665922e+000  3.8959602e+000  4.1644909e+000  2.6244794e+000  1.4466795e+000  1.8773798e+000  3.5682765e+000  4.0141729e+000  3.3439322e+000
  2.0000000e+000  5.2113853e+000  3.0582961e+000  3.0534998e+000  1.7657320e+000  4.3628405e+000  2.4386979e+000  3.7950555e+000  3.7449458e+000  3.0795272e+000  2.8082295e+000
  2.0000000e+000  3.4403503e+000  3.8995391e+000  2.6905888e+000  3.1435813e+000  1.8911300e+000  3.9593802e+000  2.2745885e+000  4.0247659e+000  3.9390068e+000  2.6037332e+000
  2.0000000e+000  2.5273774e+000  3.4507230e+000  2.1217695e+000  3.6633655e+000  3.2386752e+000  3.9659270e+000  2.3702570e+000  1.7870600e+000  1.3759786e+000  2.2770925e+000
  1.0000000e+000  3.0019991e+000  3.1573167e+000  4.2628091e+000  2.0090566e+000  4.2214788e+000  3.4294200e+000  4.0479007e+000  4.2303639e+000  3.8274482e+000  2.6063730e+000
  1.0000000e+000  2.0470149e+000  3.4679830e+000  2.2782728e+000  2.5415113e+000  3.1079534e+000  2.8576671e+000  3.9862036e+000  2.2162091e+000  3.4862742e+000  4.0525286e+000
  2.0000000e+000  3.1585300e+000  4.2703750e+000  5.7128756e+000  3.6427770e+000  2.6281842e+000  3.5873309e+000  3.7478552e+000  2.7456554e+000  3.8975291e+000  1.6070999e+000
  1.0000000e+000  3.8585034e+000  2.9762660e+000  3.7980753e+000  2.4163710e+000  4.2124033e+000  3.3958673e+000  5.7921482e+000  4.2464938e+000  3.2904033e+000  2.9441481e+000
  2.0000000e+000  2.9655446e+000  3.0982356e+000  3.4847145e+000  1.9161755e+000  3.5438945e+000  2.8352111e+000  2.5894825e+000  1.5195991e+000  2.9549436e+000  4.9443439e+000
  2.0000000e+000  2.2326244e+000  2.6964900e+000  3.7323235e+000  1.7000067e+000  1.4326059e+000  4.1224932e+000  4.2930729e+000  2.1043432e+000  4.7305043e+000  2.5700437e+000
  2.0000000e+000  3.3243863e+000  2.4302751e+000  3.3372834e+000  2.8124779e+000  3.6536458e+000  2.6702696e+000  3.1093099e+000  2.6198315e+000  5.5920703e-001  2.1687721e+000
  2.0000000e+000  3.1741253e+000  1.2202544e+000  3.7396743e+000  4.3534919e+000  3.3493690e+000  4.4688247e+000  2.8167688e+000  2.8568025e+000  3.9613292e+000  3.4684247e+000
  2.0000000e+000  4.0429365e+000  1.1693808e+000  2.1476511e+000  4.0535445e+000  1.4317272e+000  1.7713715e+000  3.7007207e+000  2.4153116e+000  3.1740001e+000  3.0635417e+000
  2.0000000e+000  2.7441032e+000  2.7064422e+000  4.5393389e+000  1.9571050e+000  3.0297148e+000  3.0288517e+000  3.0387793e+000  1.9169201e+000  4.5050193e+000  2.5617208e+000
  2.0000000e+000  2.5702471e+000  3.8228939e+000  3.2083571e+000  4.3873909e+000  3.7222786e+000  2.2827016e+000  3.0615666e+000  3.3719398e+000  2.7290960e+000  6.4764035e-001
  1.0000000e+000  4.1036113e+000  2.6098962e+000  2.5137200e+000  2.6775701e+000  3.7407082e+000  2.6351877e+000  2.7044817e+000  2.6676491e+000  3.2925849e+000  1.7519973e+000
  2.0000000e+000  4.3602285e+000  1.5894720e+000  2.4747584e+000  3.6240867e+000  3.9036323e+000  3.1130360e+000  1.6894210e+000  2.9230769e+000  3.4038508e+000  2.4241532e+000
  2.0000000e+000  3.0901749e+000  3.2870373e+000  1.4084635e+000  1.1211516e+000  2.0370897e+000  4.5746659e+000  3.5780852e+000  3.6343713e+000  4.3492489e+000  3.9717929e+000
  2.0000000e+000  1.6649940e+000  3.3235529e+000  3.6719421e+000  2.2444206e+000  3.6671678e+000  2.4921457e+000  2.9985942e+000  2.3910955e+000  1.6061576e+000  2.2069800e+000
  2.0000000e+000  2.7177345e+000  4.2976978e+000  3.8163302e+000  1.7720098e+000  1.3954134e+000  4.0324311e+000  4.8435011e+000  4.1789645e+000  3.3992062e+000  2.3891235e+000
  2.0000000e+000  3.4494452e+000  3.8344285e+000  2.9860011e+000  4.1755906e+000  3.4624994e+000  2.6912286e+000  3.8051511e+000  4.0444279e+000  3.5902756e+000  3.6250604e+000
  1.0000000e+000  1.8393980e+000  3.2492561e+000  3.1324747e+000  3.4050747e+000  2.2817330e+000  2.9335258e+000  2.7886133e+000  4.8367484e-001  3.7296661e+000  2.9287703e+000
  2.0000000e+000  2.5383056e+000  2.8084130e+000  4.4673022e+000  4.1245609e+000  3.1684646e+000  2.9008783e+000  3.5278086e+000  1.7376022e+000  2.2910241e+000  2.2133750e+000
  2.0000000e+000  3.0069204e+000  4.1974202e+000  1.6218738e+000  2.9249586e+000  3.0426539e+000  2.8341772e+000  1.1409563e+000  1.6777256e+000  3.5294181e+000  3.7447885e+000
  2.0000000e+000  2.4840651e+000  1.5269661e+000  3.8262964e+000  1.9668331e+000  3.0282865e+000  1.9252579e+000  1.4667834e+000  3.8131425e+000  1.5905373e+000  3.0421780e+000
  2.0000000e+000  3.1958482e+000  2.0599066e+000  2.8464678e+000  4.3227313e+000  3.8665273e+000  3.2803400e+000  2.5880074e+000  2.1885213e+000  3.5030917e+000  2.0586494e+000
  2.0000000e+000  3.3715179e+000  2.3837694e+000  4.4060106e+000  3.4878615e+000  4.4936937e+000  2.9161770e+000  2.3788309e+000  2.5375870e+000  1.8261025e+000  1.8177777e+000
  2.0000000e+000  2.7257934e+000  4.5482631e+000  5.4701685e+000  3.4206922e+000  3.4811899e+000  3.1673070e+000  4.4324148e+000  3.1884779e+000  2.2618675e+000  9.7886383e-001
  2.0000000e+000  2.2813474e+000  1.3703593e+000  3.9868389e+000  3.6332565e+000  3.2921185e+000  3.1998559e+000  3.4117680e+000  3.0827077e+000  2.0673286e+000  3.8627585e+000
  2.0000000e+000  2.8589978e+000  2.5348771e+000  3.3563561e+000  4.1071860e+000  7.8983727e-001  2.9484178e+000  4.1141304e+000  3.6777145e+000  2.8207234e+000  2.1327206e+000
  2.0000000e+000  2.3406864e+000  4.5794141e+000  3.5940105e+000  2.7069954e+000  4.2308999e+000  1.4039791e+000  2.8812349e+000  4.6820869e-001  1.2259863e+000  4.9249739e+000
  1.0000000e+000  3.4204580e+000  2.9667460e+000  1.4259547e+000  3.3110049e+000  4.5405508e+000  2.7785086e+000  1.1758111e+000  2.3810722e+000  3.6657986e+000  4.7945033e+000
  2.0000000e+000  4.6692803e+000  1.9878059e+000  3.2797025e+000  2.3973036e+000  2.9397791e+000  2.8326441e+000  3.8622301e+000  2.6923184e+000  4.2726822e+000  1.7094178e+000
  1.0000000e+000  1.6160365e+000  3.2181883e+000  2.9433066e+000  5.4368395e+000  3.1884736e+000  2.8828333e+000  2.7467056e+000  2.4832623e+000  3.8579584e+000  2.2633161e+000
  2.0000000e+000  3.7664390e+000  2.4169674e+000  5.1101862e+000  3.7419982e+000  1.9455986e+000  3.1032908e+000  1.5249973e-001  3.2177843e+000  2.3644150e+000  3.0743171e+000
  2.0000000e+000  3.9629028e+000  2.9282817e+000  2.1679420e+000  2.5649954e+000  3.4268247e+000  2.5489497e+000  1.8804755e+000  2.5634071e+000  2.3894704e+000  1.8608129e+000
  2.0000000e+000  3.5646738e+000  4.0960140e+000  2.5513203e+000  2.8555690e+000  2.5671470e+000  3.9730817e+000  1.2769088e+000  2.0421497e+000  3.0156129e+000  2.3321323e+000
  1.0000000e+000  4.7041444e+000  3.1385084e+000  4.7650088e+000  3.5960082e+000  2.5322460e+000  3.7575892e+000  2.1136030e+000  4.5967341e+000  3.0652662e+000  3.3929580e+000
  1.0000000e+000  1.8089328e+000  3.2163675e+000  3.0586030e+000  1.8848532e+000  2.0627242e+000  2.6883225e+000  1.4944595e+000  1.2891087e+000  3.5095858e+000  2.5859988e+000
  2.0000000e+000  3.5709355e+000  3.6949167e+000  2.9734135e+000  3.0482821e+000  3.6829992e+000  1.4559423e+000  3.4710163e+000  3.8585447e+000  4.0499335e+000  4.3067727e+000
  2.0000000e+000  3.8072144e+000  1.7524521e+000  3.9064045e+000  3.2633421e+000  3.7664676e+000  8.5231615e-001  5.0313434e+000  3.9369323e+000  3.9567206e+000  1.3565831e+000
  1.0000000e+000  4.0605649e+000  3.1090882e+000  3.7993668e+000  3.8178260e+000  2.9992968e+000  1.8907323e+000  2.1943558e+000  5.1426005e+000  3.7697324e+000  5.3638799e+000
  2.0000000e+000  2.8794808e+000  1.1552561e+000  3.1990957e+000  2.1146820e+000  2.4568834e+000  2.7193500e+000  2.9821537e+000  2.7339001e+000  3.6089948e+000  2.8685391e+000
  2.0000000e+000  2.7531339e+000 -4.2445150e-001  3.0482613e+000  2.0750385e+000  2.9024950e+000  2.7459892e+000  7.9446253e-001  5.0724299e+000  1.4335071e+000  3.6612356e+000
  2.0000000e+000  3.5795775e+000  3.1751644e+000  2.8975701e+000  1.7054317e+000  3.8377768e+000  3.6573265e+000  3.8154383e+000  4.5696723e+000  4.3250472e+000  4.8648028e+000
  2.0000000e+000  2.2322309e+000  4.4898506e+000  1.0377308e+000  3.3538763e+000  3.9342420e+000  2.7567530e+000  2.6662568e+000  1.4257479e+000  1.4944638e+000  3.0074793e+000
  2.0000000e+000  3.4600331e+000  4.2290455e+000  2.5565960e+000  3.8808661e+000  2.6633276e+000  1.3357913e+000  1.2356670e+000  4.8763774e+000  3.4203440e+000  3.3975482e+000
  2.0000000e+000  3.5043468e+000  3.0836939e+000  3.0649021e+000  4.6147397e+000  4.0691565e+000  5.6405712e+000  3.5441877e+000  2.5999042e+000  1.9490087e+000  3.9152786e+000
  2.0000000e+000  3.6996633e+000  3.3709455e+000  5.5502337e-001  3.8894540e+000  3.8944546e+000  2.6717067e+000  4.3416764e+000  3.9650023e+000  5.1952835e+000  3.1626474e+000
  1.0000000e+000  2.1189348e+000  2.1910371e+000  3.2703759e+000  4.3453259e+000  3.5656770e+000  2.7802602e+000  3.0842821e+000  3.1618858e+000  3.3207432e+000  2.3509577e+000
  2.0000000e+000  2.6014479e+000  1.7111158e+000  2.1029380e+000  3.5079258e+000  2.2461690e+000  2.3853266e+000  3.1549540e+000  1.9106793e+000  2.5664326e+000  2.5597147e+000
  1.0000000e+000  3.6501566e+000  3.0835366e+000  2.8345291e+000  2.1402495e+000  3.2121481e+000  1.9875886e+000  2.8483731e+000  2.0854403e+000  3.7271656e+000  3.7554385e+000